1847	3219
764	2596
1275	2223
898	2155
809	2614
522	697
455	2375
2656	3083
634	3044
1364	3077
1011	2903
164	789
845	895
2164	3118
1946	2201
1570	2042
1158	2980
125	1694
782	1124
85	2300
203	1577
646	2271
1936	2172
788	2154
831	886
87	3072
1648	1908
1683	1773
161	1053
2269	2627
106	1782
309	632
473	2320
2643	3241
2217	2350
487	3105
342	2348
1446	2753
2532	3098
1568	1734
1587	2594
1658	3108
213	2156
1066	2364
876	1416
345	1226
1074	2562
2809	3000
1341	2879
1545	2346
9	2557
1247	2011
61	2073
555	3212
631	1752
1003	1669
2974	3042
1826	2654
989	3093
39	2003
2824	2910
966	3193
356	2274
891	2978
110	535
647	960
160	3002
2178	3058
1975	2551
387	2335
146	2547
1926	2999
541	1380
301	1023
1649	2834
187	3063
734	1391
2009	2289
792	796
2566	3083
980	1119
51	2481
2583	3272
2229	2556
2232	2362
807	849
109	2185
76	2812
1109	1234
764	1606
154	1298
198	1769
747	1547
1399	2428
1455	2563
860	3190
1786	3017
1042	2911
883	993
152	2208
1607	3016
1772	1955
186	473
1381	1566
612	1386
77	2017
8	366
675	2060
1315	1913
1229	1827
1113	2706
635	2741
363	610
191	2885
423	3160
1358	1869
1680	2716
596	1546
520	1448
1452	1745
72	709
120	3082
2687	3178
1604	1728
533	1011
945	2961
61	2204
1361	3142
1037	1325
1641	2836
648	1484
1731	2541
1058	2260
307	1454
696	1359
669	2784
536	1294
185	385
1085	2744
2446	2967
2614	3198
927	1094
1528	2589
456	2507
993	1435
476	2070
1034	1303
388	2271
571	1129
1310	1575
418	2372
1341	3003
1982	3174
193	1026
1512	2645
1735	1970
1141	2403
2569	3036
2454	2596
1382	1758
397	1662
989	1050
919	2663
499	2015
1963	2183
1569	1753
926	1486
1687	2108
338	1432
156	970
944	2696
651	2121
1002	2009
2310	2979
609	1011
734	1034
1447	1573
801	2848
1520	1703
871	2228
3072	3195
609	1432
917	3158
40	3062
220	2538
603	2316
543	1744
984	2757
121	775
622	1339
2098	2471
1557	2788
90	1567
761	2863
788	1509
1375	2878
922	1069
1075	1892
662	3120
917	2787
2381	2886
1962	3256
1597	2231
1336	1846
998	2732
347	854
366	3115
1307	1722
1463	3216
196	2118
1374	3029
374	630
2141	2184
483	2519
966	1857
417	635
2065	2078
424	2666
2166	2917
1602	1962
2244	3153
1589	2505
2241	2949
2786	2838
76	2398
137	1112
136	2512
1532	3160
619	2349
2169	2224
243	1084
678	2525
1007	2553
358	2108
712	2187
804	2321
696	2117
640	1415
684	2257
116	1512
827	2751
1088	2824
727	1688
449	1121
568	2740
159	2561
713	1421
72	1283
248	2067
1425	2310
516	1222
777	2703
241	522
1180	3197
491	2114
933	3052
555	2844
24	539
1816	3119
1172	2560
1020	2805
84	2792
1441	3239
1050	1837
996	2452
293	988
371	1726
276	539
1095	1614
136	2668
798	2499
1885	2185
1137	1408
612	2756
30	2576
2123	2901
541	3215
2491	3201
38	2727
1396	2518
420	2355
386	1481
184	2482
489	2101
25	145
1527	1765
1248	2995
613	1237
1767	2556
857	2485
106	3164
1616	1649
582	1865
77	2295
2403	2873
663	1629
855	2935
911	2812
855	910
728	2456
1118	1503
366	1877
37	1472
1530	3146
1075	2327
1322	2134
847	1114
1755	1889
1532	2238
1470	2921
1836	2009
1201	3006
1082	2597
1314	1942
1739	1985
565	3237
1135	1875
588	1001
623	2380
1066	2439
1027	1175
89	1784
1082	1878
798	2167
872	1473
2717	2827
1589	2750
2574	2683
1160	2546
1522	3132
244	902
1872	2259
512	3080
2516	2833
1440	2882
152	2472
1184	2101
1067	2507
723	1715
1769	3119
2164	2229
98	904
1731	2487
1014	2021
725	2755
708	2522
989	1143
110	463
536	1837
152	2519
980	3130
2171	2362
783	1051
1896	2039
1049	1157
703	3059
316	1948
242	283
827	2611
219	3065
2782	2902
2361	2822
211	569
674	876
158	1573
46	2819
2365	3044
1182	2706
1321	1638
3062	3210
904	2416
2636	3118
891	2383
2650	3168
1739	2857
954	1123
1078	2796
1953	2244
1644	3064
412	1687
1116	3050
349	844
3085	3249
732	2253
2577	2619
47	2608
750	951
2889	2937
556	3048
615	3047
1605	3098
402	2815
460	618
2644	2885
565	3015
1297	1947
2781	3173
1170	1813
451	1145
989	3134
477	1001
2165	3100
1395	2714
615	647
1458	1498
1243	3185
1057	1406
557	2005
918	1237
1465	2987
708	745
1210	1364
986	1569
674	1522
1425	3260
1861	3217
957	2997
861	2059
1181	1974
186	1736
1226	3188
634	2250
2	1892
2550	2581
2132	2160
2306	2480
1029	2980
236	2991
2056	2349
1893	2143
1121	3034
1190	1642
1370	2108
1244	1891
890	3081
722	2589
589	2141
1584	3124
849	1367
2853	3223
1020	3148
392	2810
930	1745
2388	2651
918	2297
328	760
2788	3155
1050	2458
1926	2699
2618	2947
1065	1194
2117	2233
1969	2636
257	490
2604	2903
1215	1536
404	1233
1779	2846
104	174
100	2311
1149	2332
32	693
119	3274
935	1484
438	684
769	2993
654	2139
814	3061
194	2895
1387	3183
1401	2568
23	2488
1050	1484
2214	2963
1181	1308
289	3094
1940	2713
1517	3128
211	262
587	1640
2134	2284
1391	2242
2444	2700
741	2510
1104	2944
280	909
1088	3018
299	430
158	3076
1404	1511
2657	2749
725	2791
925	2533
436	442
274	1014
455	3072
2296	3272
1964	2254
1464	2758
72	1738
689	2753
1597	1995
2734	3151
438	679
2711	3163
1051	2914
1700	2397
599	3123
231	995
1989	2054
1621	2877
1518	2444
2225	2467
616	2312
1319	1328
109	521
975	2510
1728	1736
1450	2492
310	2270
647	980
2783	3243
1596	2258
47	248
318	2805
1114	2881
320	1284
363	1519
1131	2866
448	2216
284	2073
2165	3151
58	2971
817	1962
140	3258
180	192
829	2646
1164	2335
269	2581
2615	3161
855	1508
664	1896
1255	2938
81	1258
733	2942
1158	2497
1431	2813
1653	3138
1641	3106
2055	2826
2184	2791
685	2078
2290	2837
1766	2351
1639	2103
1217	1972
1132	1423
286	1589
1317	1744
1975	2065
1032	1803
2131	3204
199	2183
214	2098
318	2949
66	2264
791	2328
1713	2451
102	1383
1445	2288
2575	3038
495	2719
425	2027
1361	2169
124	2592
799	3231
1064	2031
2279	3202
517	1598
298	3144
593	2888
2355	3006
352	602
332	1760
169	1154
105	2536
69	2215
66	916
872	1418
1851	3123
1017	2732
997	2680
637	2060
904	3015
1861	2875
1916	2587
383	793
2625	2635
1483	1866
1172	1593
2300	2878
1270	1613
2719	2724
932	2223
1147	1337
2126	2424
2079	3000
1973	3050
88	1036
2029	2627
430	627
3096	3153
2261	3169
1359	1525
79	3104
1478	2145
1736	3007
1176	1988
837	2389
262	1851
1301	1452
2572	2723
2258	2689
760	2643
2145	2819
1724	2397
2231	2333
839	889
670	2955
612	2618
665	3008
333	2055
723	2124
1843	2604
2543	2759
298	1498
972	2941
917	2065
768	2653
1672	1924
1480	3097
2428	2738
585	903
2511	2765
1491	2588
93	1597
1753	2783
1988	2760
241	3008
2162	3205
43	572
1060	1838
2723	2911
870	2841
1841	2188
1787	2565
776	2534
1432	3156
488	2542
2298	3041
2862	2873
2259	2788
152	2693
147	2424
1585	2997
1752	1870
144	3232
902	980
1496	2572
322	655
1421	2494
2683	3004
2379	2471
1410	2975
688	2888
785	1899
797	2175
1324	1747
1279	3141
2278	2580
1220	2103
574	1925
1691	3262
1369	1800
10	3011
966	1392
543	2588
1826	2694
776	2541
1075	1405
59	1304
364	2272
1067	2917
265	393
413	1868
1087	1944
280	1974
1909	2860
662	2890
845	2154
2178	3258
2247	3188
409	1130
1654	2196
1498	2875
3085	3226
2197	2493
1399	1922
2823	3128
564	1386
488	978
530	1906
541	3235
2629	3100
1396	1924
316	2969
593	2843
1388	1908
3117	3266
1558	2615
1438	1877
824	2012
323	503
3050	3085
189	791
196	372
569	1347
1612	2102
1109	2318
1329	2661
953	1456
2439	2499
1695	2236
826	2810
615	1933
756	1935
1468	2919
577	960
2228	2999
283	2106
722	3139
972	1569
203	1406
753	1738
77	281
1450	2445
1358	3044
464	1020
447	940
1611	2016
1577	2673
395	1134
2206	3269
612	2357
401	1147
1748	3121
2362	3090
706	1651
1191	1743
2905	3044
508	1483
896	1455
1832	2198
394	1511
2428	3147
593	3134
2846	2952
2314	2643
455	711
1276	2928
1866	2928
994	1421
2246	3025
556	2755
2439	2836
1384	1784
1025	1335
1189	2891
1865	2806
1035	2653
1400	2297
236	786
346	2916
259	435
127	3129
684	1245
1287	1948
638	2244
1568	2788
4	1603
856	2462
1882	3067
2045	3026
453	1130
348	3229
1641	2088
743	2515
503	547
1867	3041
622	687
456	562
289	1029
3072	3146
937	2726
702	1735
286	3021
605	2609
1944	2803
767	1117
653	3234
134	2759
251	1134
1487	1908
115	2471
1467	1778
558	2098
642	1429
1530	1891
522	1561
2038	2478
2623	2988
486	2740
2286	2895
2405	3223
849	1043
105	2913
1980	2699
108	3118
968	1270
125	1193
2700	2918
352	523
1122	2614
103	2058
134	438
1775	2447
1630	2694
2593	3170
2572	2933
298	2443
809	2274
1739	1762
1476	1937
162	2132
2562	2967
451	1042
194	2381
1075	1997
1418	1655
286	2887
451	2820
2377	2425
1151	3243
29	2695
1372	1668
2826	2922
181	2871
596	961
878	2642
1922	2314
1394	3207
1670	2740
688	1755
890	3210
548	792
366	1539
2552	2731
1605	3095
1176	1845
552	1243
2214	2789
1272	2537
390	681
3127	3260
711	1158
311	1693
1286	1823
952	1807
1934	2349
550	3060
2451	3055
291	3081
262	1691
1121	2538
212	2948
941	3135
1045	2273
1745	2539
195	372
2065	2527
208	2773
593	1271
1017	2812
482	3088
1533	2780
128	1754
733	1309
56	1372
1437	1982
1253	1452
2232	2745
2553	2720
854	2759
766	1168
364	779
152	2049
1232	1966
2696	2832
1746	2494
794	1382
310	2997
268	2325
2488	3262
176	304
2706	3107
2516	2841
905	3220
1815	2405
811	2530
481	2510
825	2681
1601	2756
1418	2707
1715	1720
1051	2727
466	1990
27	1412
1153	2963
526	3237
1354	2222
68	757
187	2332
408	1865
971	2375
3101	3175
1639	2069
1942	2454
1924	2661
1556	3074
409	2072
1953	2546
164	1658
2593	2792
102	1083
105	3045
14	2473
642	1843
413	2239
1133	3163
1650	2269
2020	2901
326	2828
883	3082
1719	2719
764	2110
1384	2230
91	1554
1607	1677
912	2198
1144	1750
578	1082
2003	2312
1961	2944
468	2457
100	1030
1426	2467
69	843
2030	3123
1423	2947
1867	2505
760	3269
811	2115
240	1020
606	2539
1378	2560
426	1141
972	2852
2248	2631
1940	3272
1990	3119
1002	1737
3009	3189
879	1494
384	2740
37	2827
1906	2904
616	1099
1440	1523
549	851
618	2482
1252	1722
509	1004
1310	1861
2143	2201
776	1788
1763	2062
816	2444
1099	1649
2663	2752
1362	1827
1182	3022
1237	1628
682	2598
760	773
1298	2842
1065	1867
1442	2457
260	2498
418	1720
1589	2034
1447	2775
843	2515
315	637
2722	3049
1269	1372
1530	3190
2776	3163
481	1359
498	1882
1454	1862
752	2842
2321	3148
463	2483
1170	3176
1124	1313
1754	2351
540	1183
1218	1734
1196	2913
1352	3202
1439	2862
344	1701
1385	2877
1790	2218
1733	1952
351	482
925	1198
1226	2400
972	2763
1817	2819
1245	3130
854	2878
1994	2175
830	3073
57	1104
169	3040
935	1109
1882	2907
2859	2917
1034	2704
170	432
3038	3095
513	1170
547	831
527	1414
221	1826
2	194
466	1121
2191	2673
466	503
303	664
2098	3148
3027	3162
1551	2677
953	2361
2346	2585
388	1102
6	291
688	795
873	2290
2117	3265
2627	3025
261	3042
272	1586
406	1598
1180	1394
918	1428
304	1130
1651	2899
569	2002
2406	2652
234	1255
63	2628
73	1706
449	2012
338	402
617	1957
1048	1632
653	2741
149	3022
2645	2745
1447	2496
2804	2806
2454	2893
1200	1631
114	2031
123	2543
370	1570
548	2180
2801	2816
1065	2761
616	2463
2598	2625
1404	1692
1121	2587
2552	3256
439	2752
1554	2588
900	1154
260	863
245	1048
289	2740
30	219
430	796
1029	1702
1963	2370
2234	2493
1144	2789
2002	2565
1134	1147
266	1391
102	180
1331	2681
815	2845
1956	2262
1974	2333
1223	2058
321	2473
547	1427
41	217
1546	2633
1215	1345
401	2148
768	3099
2015	2205
211	284
380	3199
467	540
1597	1779
396	1568
1009	1216
1437	1611
1821	2071
851	1238
1797	2336
410	3111
286	516
355	1117
1830	2746
2282	2787
203	1619
151	3250
717	1707
492	1557
2056	2861
208	970
2308	2707
1332	1973
210	1912
300	2700
1458	2564
838	1717
894	982
1132	2278
1794	2474
1404	2518
81	2422
290	3170
1154	2222
9	2380
1594	2319
348	1796
2327	2405
1255	1595
235	2646
2079	3224
243	2336
22	1792
1654	1954
562	2787
513	1046
724	3107
210	3234
1192	1485
629	2716
73	808
181	2920
1947	2285
360	2195
894	2640
376	962
2467	2707
2301	2905
974	2071
1201	2289
2976	3042
442	3090
2362	3023
386	1222
1615	3128
2377	2497
156	208
303	3257
513	1357
2269	2643
124	1884
1082	1347
1109	2728
737	1327
97	2479
329	1373
1284	2359
1329	1462
1588	1670
1043	2253
300	1738
1483	2681
1093	3172
556	3252
309	1498
2041	2373
683	1727
445	3180
993	2451
2495	2722
939	1775
281	1399
2797	3201
2816	3163
320	2112
2209	2390
18	1944
2235	2713
3101	3264
1442	1642
1187	1333
3000	3267
2907	3211
2153	2769
1264	1487
546	2127
1415	2251
359	1244
2829	2943
1141	1927
1609	1689
522	1436
1803	2055
1293	1442
877	2957
2602	2769
445	3027
233	738
1005	1699
102	2977
2793	3011
403	2225
1733	2285
2848	2887
1122	2720
1641	3101
992	2832
1325	1714
358	2605
2031	3113
1229	3059
779	2831
507	1737
592	1767
276	2523
509	1478
1551	2040
422	1928
2157	2254
156	1053
669	2560
1528	2958
2418	2569
1803	2584
824	1844
1811	2834
250	1998
1431	1727
94	366
2291	2321
96	1336
796	931
2672	2773
2703	3111
767	983
2242	3064
666	3117
2645	3217
871	2019
948	2263
90	2190
1389	3276
2299	2510
2905	3231
3013	3206
1824	2734
919	2859
435	1073
58	854
354	1761
1199	1697
131	158
100	569
965	2330
640	1822
191	2933
1716	2896
1735	2068
383	828
2290	2381
628	2604
1668	2438
1460	1464
942	1683
604	1431
407	2422
908	3180
943	2911
345	966
2682	3007
312	1785
550	1593
1156	2548
1024	3074
1552	3114
916	3075
1953	1975
2307	2381
1910	2669
996	997
2125	2328
1316	2577
2407	2873
615	3012
1001	2992
2390	3058
777	2322
2573	2846
2000	3025
2426	3124
287	658
2386	2786
1951	2547
736	1080
1881	2643
113	2207
1507	2389
2013	2561
839	2277
358	621
600	2998
208	2317
37	162
1547	3142
832	1980
1928	3246
879	3126
2340	2374
1592	1916
1520	2213
876	1818
2351	2787
1668	1892
1094	2891
1644	3270
625	2197
812	1663
1875	3043
508	3200
502	747
548	2658
1515	1653
2511	2641
423	1120
1033	2356
666	1402
299	1628
1592	2138
2102	3215
1239	3188
2044	2683
425	2628
271	2372
668	698
1821	2468
1198	1812
2032	3110
1117	1500
1883	3073
1480	2253
2063	2317
292	933
1375	2789
1032	3178
1001	1564
990	2376
1101	3025
815	1030
2067	2575
1342	1363
440	1270
953	1768
2006	2986
1371	2423
1133	1644
1283	1795
118	2614
4	816
387	1608
493	2385
58	2341
131	245
1997	2408
1649	2128
54	181
1623	3076
698	3092
620	2491
1870	2180
2018	2792
197	1127
134	2410
2336	2599
2688	2828
2610	2759
645	2937
1067	1210
2278	2530
108	216
1148	1326
900	1400
1134	1385
49	270
814	2301
210	2378
1260	2133
33	1954
864	1307
1388	2210
132	2121
315	2990
276	981
496	521
200	2689
402	2446
178	1926
928	2181
1905	2134
1274	3268
2589	3139
454	1686
0	1790
128	1801
642	2670
1508	1982
1869	2390
382	1218
995	1067
1237	1576
1005	2642
1594	2503
1299	1335
212	2287
1881	3075
1104	2641
1488	2411
955	1857
1077	1242
874	1284
1638	3218
1590	1654
586	2826
1670	2044
372	2847
177	928
856	1490
2365	2389
254	328
1343	2641
2953	3031
475	2987
256	3039
1595	1765
2931	3264
444	1178
2727	2774
1520	1842
2113	2594
721	2117
776	2147
36	106
1257	2670
951	1200
1431	3068
1205	1409
568	1700
151	3168
1697	3228
2895	2921
477	1231
448	1469
653	1109
601	1590
1560	2783
282	1810
66	1745
2762	3141
2421	3008
1490	3183
1238	2033
382	2423
1070	1997
629	1576
2302	2987
961	978
2363	3014
176	2735
823	2866
793	1591
1482	2238
1169	2003
180	1827
821	1243
324	466
19	1668
394	2171
688	1300
1590	2268
1137	1934
166	2341
813	1836
1305	2385
1566	2133
274	2649
51	2544
604	2263
507	1939
140	1363
2445	2960
332	2866
904	2845
1912	2284
672	674
452	2078
2242	2857
609	951
2041	2259
573	1994
1477	1880
161	1736
2579	2924
800	2346
441	2388
972	1168
157	2253
608	1982
878	1897
2655	3073
670	1964
958	3113
435	730
256	3186
2159	2418
197	1115
566	1675
284	2407
220	1260
179	874
1415	2775
2001	2482
1036	1967
1578	2148
345	3039
1636	1743
776	2526
2241	2856
419	786
578	2157
354	473
1857	3111
1009	2764
615	924
1798	1967
731	1814
941	2816
1353	2298
1882	2587
2306	2441
403	925
2018	2580
2370	2647
3032	3278
1660	2113
184	1293
1825	2599
1581	1619
770	2405
313	1782
2558	3256
1316	2494
1409	2901
636	3135
1044	1753
270	895
1268	2612
105	2410
670	1788
1064	3049
986	2910
1095	1380
28	961
29	2222
716	874
1588	1933
261	425
1287	2030
2157	2626
2088	2562
287	2311
1048	2439
1845	3164
1264	1704
75	278
1949	3232
1571	2664
1130	2008
170	1432
1468	2196
2126	2298
1116	1838
1771	2685
432	2804
1247	1918
1183	2805
1828	3039
1313	2251
1575	2871
915	981
326	563
1455	3148
423	1743
76	2779
135	524
1758	1987
1617	2878
1755	2630
389	3032
1829	2830
2628	3002
1478	2275
1678	2383
1825	2729
1637	3105
1269	2385
586	3126
1942	2933
1228	2851
234	1439
696	851
2718	3151
2220	2305
1487	3255
2293	2773
1329	2378
1152	1895
690	1361
876	2245
144	2070
2078	2943
480	2206
878	1737
435	2388
1143	3271
350	1581
1106	2666
546	1991
1000	1358
343	881
1848	3174
36	847
1492	2016
650	1231
2252	3154
582	2647
928	938
2854	3094
1120	3012
2551	2715
468	837
177	1787
628	1841
793	1297
31	3026
2599	3227
1192	2614
876	1420
1725	1770
2228	2475
1379	1535
1091	2207
2720	3024
740	1497
1640	2119
2726	2956
1207	3003
234	1116
1166	2568
538	2389
898	1181
457	3119
1822	1833
100	750
1156	3150
711	804
2030	2543
268	1265
1036	2192
133	317
602	2137
1189	2979
2088	2777
2712	2942
120	2014
1559	3230
282	2139
301	3191
1127	3073
1240	2779
457	931
1105	2273
275	2168
50	348
1901	2685
317	3118
503	1723
800	2270
493	1983
1550	2210
294	3120
1437	3247
2806	3134
2352	3117
188	895
543	1959
710	3261
1204	1496
1809	2653
431	1749
391	2808
1429	1737
903	2163
221	3095
1568	3120
1558	2758
1724	2189
2396	2842
2488	2614
583	669
2355	3124
35	923
2185	2682
261	3241
1856	2138
1385	1665
1840	2180
2291	2928
256	2356
1853	2794
1113	2540
1386	2297
2082	2359
962	2785
20	1948
1200	2517
777	3025
1437	1603
1052	1511
115	1834
2248	2341
351	2180
1892	2895
1947	2643
1161	2300
377	1767
599	835
1845	2020
2333	2882
783	1991
394	1473
3069	3203
1560	1644
1623	2299
625	749
76	444
1384	2789
575	1962
1767	2356
1177	3146
1424	1963
1847	1982
597	1781
1652	3094
2707	3024
599	2123
865	1198
2841	2970
1055	1804
1678	1996
524	657
1461	3216
2486	2781
2159	2468
124	602
1925	2198
233	1331
770	817
1987	2661
736	1334
2194	2511
431	2484
1084	2455
1479	1490
24	2414
1321	2788
422	1371
757	1297
599	2022
1834	2403
1665	3192
2	1254
665	3217
1181	3123
346	1594
1122	2952
516	2191
1074	2690
993	1520
140	2579
342	1508
118	2825
231	1936
1225	2142
139	2139
1304	2453
1290	1980
595	606
166	1392
1771	1996
1685	2259
2640	2955
268	513
284	3134
326	1130
1536	2616
2041	3244
1359	2369
434	3229
452	2040
480	3176
599	3190
796	2839
1794	2891
673	2449
1910	2866
1375	2680
1731	2118
2033	2810
389	1212
69	3255
2079	2560
1065	1945
747	1062
283	2230
123	611
2294	2644
1990	2042
2607	3062
380	1190
1705	2595
687	1536
1815	1897
1404	2920
1793	2149
1392	1435
1342	1898
1878	2791
18	540
1523	1590
239	1063
482	2090
1503	2243
1526	2440
632	917
33	2561
1868	3112
64	2230
322	509
824	1555
72	1678
1090	2441
1305	1599
365	1571
80	2494
552	1249
2546	3118
1740	1816
2302	2684
549	2191
696	1741
1045	1733
1097	3166
2336	2468
1225	2354
536	3263
7	789
1080	3185
893	1108
11	2505
792	2842
2528	3217
95	1304
1185	1738
1038	2441
739	2917
2352	2694
500	2004
82	2267
1020	1224
1270	1924
2844	2895
2007	3246
239	2515
1996	2583
424	1318
602	2963
670	749
372	2669
1266	1504
1360	2782
1471	1488
1021	2091
616	3165
357	2229
1850	1937
2005	3019
737	1354
1405	2968
1034	1626
1803	2662
1193	2235
173	2200
510	1108
1876	1919
1345	2651
2621	2699
846	1307
1179	2250
1598	2704
229	469
2188	3223
1839	1904
1553	2404
1836	3156
234	3108
1439	1604
51	497
571	1799
1546	1582
2753	2940
1731	3046
637	1998
1414	2669
126	3193
1996	2551
174	930
1459	2133
1422	2891
621	1185
1952	2587
957	2621
1663	1970
550	2891
1685	2722
262	1440
210	1572
412	2569
283	1612
1878	2887
517	1786
594	2300
1067	2415
1323	2380
483	1880
743	1876
693	916
799	2290
1397	1755
1969	3050
2120	2455
813	2223
733	1727
1474	1876
1838	3046
710	2467
1705	2429
1966	2406
2232	2424
1331	2563
1299	1805
259	2586
1035	3155
950	2398
81	1490
614	1646
2121	2139
2048	2901
1210	2401
2208	2969
2046	2260
507	1935
1720	3184
2851	2868
441	3207
776	786
46	1582
1562	2503
415	2836
135	3106
1738	3081
1770	2111
763	2774
257	1301
751	1270
607	1931
1746	2796
1167	1475
712	2315
2213	2311
447	965
1039	3115
499	2294
1235	1706
14	2525
119	2483
1590	3193
49	2771
364	782
1286	2848
229	1432
924	1487
1348	3126
1397	1990
1808	2296
648	3088
1891	2619
1087	3263
1176	1632
1862	2554
389	457
34	2963
877	2040
1095	2188
17	906
690	2680
1662	2280
919	3234
1050	1161
1484	3154
1471	1883
632	952
1820	2708
1739	2043
462	896
362	2401
74	3246
108	1738
765	1455
293	1320
787	1333
25	2813
2459	2551
2398	2554
675	2934
780	1152
1796	2277
598	1947
1263	2978
304	2583
1472	3014
2275	2687
1607	2085
717	775
837	2145
1061	2241
88	2091
399	525
2590	3189
79	1561
127	3150
1701	1976
2224	3151
1732	3253
1454	2612
56	1526
1802	2921
744	2125
1830	2182
2738	3087
2240	2809
2071	2932
786	3059
66	2296
257	2027
1437	2629
328	1338
1712	3148
761	2007
733	2278
1663	1985
24	1480
563	1340
2136	2886
1239	2838
1893	2035
2645	2723
1602	2989
254	2815
1796	2485
508	2471
768	2045
527	623
1264	1383
2887	3017
1307	2176
332	2805
865	2018
721	2642
2790	2884
633	1713
79	569
811	1765
508	2326
1519	1738
1445	1747
2243	2805
1972	2656
486	1401
719	2365
2793	3167
446	1869
2305	2466
732	2533
984	1906
592	1156
2238	2862
475	2886
124	2984
2781	2934
3000	3203
2243	2579
1082	1290
2148	2389
37	1110
681	1285
220	460
2718	2791
74	2972
532	1380
1110	1534
473	3210
2303	2461
1386	1483
744	1922
228	1705
1348	2344
1544	2914
118	1944
492	1272
2040	3193
313	685
1328	1472
937	2174
750	3189
159	2772
1954	2136
656	888
2397	2503
679	2778
1541	2699
2558	2818
320	3121
810	2933
20	764
295	2270
1148	1838
1346	1529
843	2683
43	248
974	2019
1517	2388
442	1671
2	2840
784	2136
1938	2208
992	1909
794	2682
698	2365
1630	1853
1873	2133
1991	2910
286	1392
2253	2538
93	2992
2200	2932
809	2092
474	3250
2262	3031
1664	2810
2428	2928
54	652
79	2144
1621	3240
256	2225
645	1721
1758	2258
367	2128
792	2858
1021	2941
1739	2172
175	1248
1822	2166
1574	1612
2640	2803
800	2241
2024	2254
202	1701
91	343
1325	3234
1856	2223
1214	3060
2285	2490
193	1838
1919	2252
366	1583
205	2557
130	825
540	2080
1414	2543
2229	2541
2413	3125
1615	3119
490	779
847	2617
95	2340
536	2159
917	2051
1262	2860
895	2392
66	3180
1722	2666
1324	1770
19	308
1068	2915
23	179
2339	3065
196	2537
2050	2428
2059	3107
831	3194
329	1655
1194	2552
1123	2591
3039	3277
685	914
749	2558
211	3242
615	2504
113	1711
1398	2142
293	777
1497	1829
1845	2984
397	1424
284	2773
653	2481
844	1535
1878	2066
218	1195
1850	2024
1832	2142
1181	2295
1833	1994
590	2932
1579	2937
379	3165
871	2478
2227	2889
573	2066
1714	2905
1475	2304
937	2249
445	928
393	1271
323	2197
485	2803
2281	2544
27	781
1496	3127
2185	3187
614	1743
649	2009
1799	2295
1803	2349
1019	1751
1649	1800
1648	1808
2370	2569
340	675
706	2930
56	1701
1	1457
2510	3271
331	477
61	1931
56	2553
1401	1965
1668	3065
324	2968
1690	1991
373	2289
1572	3167
214	1418
1414	1552
977	1224
903	1045
1461	2144
1684	2987
1474	3191
2330	2344
242	2448
1383	2654
792	1079
1691	3237
1573	1783
325	2210
1039	2863
1015	1080
1758	3078
810	2622
1839	2558
1468	3004
3056	3164
270	2342
1189	1690
1387	3252
592	1231
145	588
346	1991
206	2947
137	218
709	2416
2530	2664
1657	1688
1818	2396
318	924
966	3188
411	900
216	3138
1993	2564
1442	2767
1661	2735
2330	2886
760	2250
346	627
538	975
811	1703
919	1630
309	3247
113	3122
1043	2803
385	1955
673	3067
196	1489
204	2438
794	3132
2009	2855
2433	2803
192	1251
907	3097
659	1460
2421	2926
1127	1882
826	2234
838	2908
172	684
194	811
1427	3003
1186	1675
1739	2775
371	3225
1148	2459
1529	2644
1447	2908
199	2635
701	1252
1396	2383
2251	2416
1955	3116
18	546
842	2221
199	2374
827	2732
1900	3006
838	1549
438	737
71	1469
2666	3011
97	1567
2090	3208
215	3198
1356	2126
72	1559
786	792
1367	3094
572	1244
275	891
842	2904
98	461
1272	2360
443	1351
135	1532
689	2669
746	3229
2927	3033
142	2969
178	1553
2005	2985
370	2109
643	1769
2990	3087
184	2156
177	2512
409	739
229	1116
523	2960
911	1580
718	1802
1008	1674
1747	1798
200	2806
593	605
277	353
279	439
7	135
1153	3087
191	1914
1591	2595
245	2847
1227	1467
1398	2493
633	3215
838	1112
995	1073
739	1070
799	1067
1497	2372
1879	3275
644	1138
1771	2780
1108	1706
405	553
828	2018
894	2853
287	2626
1803	1881
1198	3063
770	2192
641	2967
126	1609
1791	2757
265	2518
2739	2872
151	2318
515	3174
1832	2044
450	2159
1461	2406
1277	2650
619	3251
1322	1412
477	904
75	2120
175	1949
1232	1295
1070	3189
365	2890
157	1392
1448	2425
1458	1632
531	2495
379	698
163	278
2899	3056
867	949
726	1235
1817	2075
1458	3218
159	313
2183	2571
113	910
131	3172
1602	2577
1641	3207
1243	1889
651	740
836	902
1137	1629
2116	3087
571	684
1882	2466
1069	2855
2927	2951
1963	2129
79	1463
378	2423
1155	2977
1777	2882
1735	3141
1164	1291
1854	3038
147	2496
771	2416
517	2332
372	817
307	1343
233	1184
998	2898
185	1598
183	1009
1238	2075
145	1898
2856	3050
605	2369
1708	2450
13	1885
950	1148
722	1150
1405	1649
1300	2284
407	1744
101	2693
1591	2154
1903	2937
1741	1902
34	498
1034	1613
888	3152
1550	2482
1054	2568
1589	1608
2059	2844
1523	2232
1589	2850
423	1330
1963	2589
301	808
1239	2811
679	2018
53	1806
2966	3255
774	1096
434	1509
1338	1974
651	2153
530	1201
420	1616
881	927
2492	3170
1175	1902
150	3214
662	2813
191	3263
675	1861
653	3030
451	2021
448	2364
1895	2094
0	1525
1105	1574
1879	2847
842	2474
1140	1910
1516	1529
1514	1689
345	2247
692	1511
602	1803
1621	1680
39	2954
75	920
901	1698
666	1715
2157	3019
1872	2918
342	2777
31	1106
2887	3034
457	1685
2074	2466
2581	3049
1337	2702
821	1381
641	1756
1480	2673
892	1818
2080	3177
1434	2726
2203	2978
2790	3248
110	2251
2683	3059
916	1534
1236	2539
1475	2472
881	2901
2252	2271
260	1548
2344	2696
2109	2850
1137	2071
2117	2775
2243	2596
729	2007
426	2789
3195	3252
2970	3002
664	2545
1215	2573
1750	3080
988	1134
2001	2970
426	1367
112	2579
704	1000
1545	3257
1457	2983
953	1650
2441	2485
951	1756
2114	2696
112	2269
685	965
1435	1708
1675	3043
846	1880
409	460
676	2266
465	1080
487	1776
411	807
2447	2954
1571	3216
1305	3190
920	1172
1624	1673
3019	3243
836	3176
674	978
1884	2602
3146	3187
1007	3073
388	1229
751	2667
2771	2914
1614	2272
961	2301
432	2029
169	2777
554	1698
774	2094
1457	1896
2054	2365
392	1846
2463	2586
2282	2834
803	1013
2483	2506
339	1505
783	2863
1192	1231
1832	2147
2663	3194
758	1708
98	1864
1264	2365
1317	2317
1847	2039
1211	2765
814	1787
802	1219
0	362
1434	2449
494	2862
2198	3265
61	1103
2842	3117
1012	1550
1381	1480
397	2913
2159	2683
1149	1703
948	1529
176	2276
18	463
2410	2826
1073	2922
1178	1792
1607	1671
54	2704
348	2466
1888	2251
2193	3011
2942	3001
1201	3195
2404	3040
3154	3267
1563	2741
66	575
2892	2957
372	2655
693	1943
2427	3155
237	944
27	1535
1083	2114
605	3001
1665	2590
203	1744
1931	2343
188	2148
1936	2405
789	2102
1362	2639
982	2449
1885	1972
1173	2690
799	880
1015	1410
814	1976
1203	2680
693	1380
2507	2927
940	1226
916	2788
147	2644
586	3228
906	988
621	2805
2603	2893
2761	3085
1939	2483
1362	1378
44	2119
203	2563
535	3031
229	1363
732	2959
1972	2790
27	2923
2171	2635
336	2317
203	2087
1044	2807
428	430
299	2437
1742	1796
68	1298
3	2891
491	2528
914	3133
1217	1491
1460	1862
1719	1786
174	654
768	2089
404	2747
1524	1936
244	3216
2214	2322
153	2027
1144	2674
1752	1991
694	2906
1918	2696
1621	1892
39	2686
76	401
38	344
129	3164
1104	2900
312	2337
205	1481
407	1255
841	2764
1205	2575
250	1966
1104	2462
2291	2353
160	2279
696	2510
783	2987
515	550
2005	2955
509	590
3073	3114
826	1418
56	780
704	1661
1339	2780
2487	3218
1072	1383
878	2146
82	544
587	2212
1423	2745
855	3151
2177	2972
2389	2731
549	1142
1518	1940
760	2527
474	1199
1621	3257
863	3037
737	2198
1424	1514
1851	2190
1114	1472
2225	2571
1058	3188
880	1494
171	2490
2198	3186
169	2020
1263	2884
63	596
228	1345
51	1813
2148	2378
900	2343
1287	2997
678	969
1009	3196
58	2903
2799	2912
2819	2942
196	653
2427	2672
26	2570
218	2733
38	2416
375	1465
2837	2873
604	1311
531	1065
125	1340
804	1225
161	908
404	2616
810	2759
2167	2396
98	2773
2190	2341
399	2592
78	205
2697	2999
2191	2918
615	2186
1811	2381
576	3011
813	3103
914	1259
331	3212
798	1999
1149	1747
13	1572
2317	3055
2737	2750
273	606
2629	3117
1067	2327
381	2604
1091	1897
57	2254
1072	1216
406	647
2730	3098
1028	1972
946	2804
1866	2364
1256	2852
1090	2919
168	365
831	1351
2753	3257
314	1146
611	1837
920	2840
2629	3029
223	244
1095	1640
90	2969
2057	2273
2593	3034
1250	2568
266	1561
500	1437
3077	3214
417	444
1347	1732
679	3028
1114	2804
1282	1938
636	2109
1416	1867
1214	1922
308	1249
2007	2466
760	2799
328	2889
1608	1609
404	1159
449	1033
1083	2206
911	2921
1404	2701
1885	3225
782	980
344	565
177	1998
238	668
2235	2714
182	2210
805	2591
516	2185
1097	1204
586	1510
495	712
2661	3164
2352	2698
939	2878
631	1948
592	2654
261	913
1109	1111
1166	1741
1338	2082
2891	3133
587	1856
1040	2337
833	2205
387	1434
498	2046
1460	2000
603	2112
2565	2985
318	2415
400	1928
1898	3155
3104	3218
1195	2723
779	887
712	2099
262	546
1494	2685
235	1237
1405	2094
211	2775
1079	1894
785	944
1306	1427
2625	3263
872	1005
766	2432
235	2949
2385	2433
2404	2906
2369	2789
1357	2727
1455	1926
2842	2865
1907	2733
1761	2887
1183	1219
1147	2996
506	2816
559	2122
452	1136
118	2643
1976	2595
1047	2220
1454	1620
1748	2063
782	2621
1943	2585
859	2400
86	1634
265	2881
2610	2777
999	2383
207	2371
948	1270
1633	2578
1725	2497
777	1625
333	1696
775	980
367	1691
2109	2449
1739	2001
1100	1754
904	2506
831	2959
977	2337
2546	2886
387	745
5	751
2508	2628
2036	2373
961	2557
1683	2839
2078	3250
544	3170
333	2785
922	2517
691	1296
636	2856
772	1786
2205	3244
1733	2809
8	3091
2297	2926
6	891
97	1469
2929	2992
1482	2358
895	3189
1253	1569
525	2572
333	2488
1825	2903
1253	1714
972	2489
1870	2907
542	2346
329	447
1864	2993
737	1127
646	826
1891	2385
60	1894
2020	2708
1762	3162
585	2842
786	2957
62	1722
1297	3113
2651	3160
849	3137
2454	2643
921	1786
440	2649
2640	3136
2176	2309
2151	2321
95	3201
705	2271
1	2485
2106	2842
13	996
567	584
1401	2375
40	1353
717	2216
431	2131
1229	2527
2323	2433
1824	2171
1488	1675
37	2278
1466	2345
141	476
239	1704
2271	2996
2696	2769
2936	3179
852	1807
172	502
926	1976
323	2437
1980	3045
620	1012
194	2771
1832	2498
984	1746
1645	2681
346	1885
2605	2939
854	2035
500	778
1805	2452
491	1036
1037	2485
399	2353
2274	2567
2019	3183
934	2387
9	251
984	3069
501	1376
124	816
1352	3169
584	822
2172	2864
1539	2337
993	2510
441	2374
316	2389
371	1199
1837	2673
797	1582
500	2319
1846	2314
2265	3049
276	2160
1567	3179
101	1575
941	2010
997	1394
1863	2994
2018	2814
675	1384
657	1301
721	2968
612	2807
1176	1453
493	1703
734	2398
1067	2648
2344	3036
728	1877
1439	1823
487	2295
470	2398
2883	3116
1034	1041
273	2717
1732	1841
985	2055
301	486
948	2237
16	1685
602	1412
2100	2803
1361	1850
878	1890
164	1076
1054	1976
1761	2594
104	1561
31	583
1744	2020
1579	1957
718	1689
1547	3094
1524	3168
115	750
630	1353
710	2338
730	2091
29	984
943	3172
2081	3262
1384	3226
917	1112
334	2539
329	2989
254	3215
1320	3030
1542	2849
2497	2792
71	1534
664	2807
1174	3101
2036	3215
742	2320
430	1131
2387	3273
312	509
2110	3183
2626	3135
555	2943
1289	1768
2379	3231
959	1114
1573	2798
1466	1919
235	500
1235	2614
570	1514
788	1317
532	2447
2237	3087
1033	2214
184	2730
433	2820
2101	2232
235	2672
742	1252
2090	2749
2078	2458
906	2187
1777	2972
511	1331
2441	2824
1324	2904
465	504
874	974
2818	3267
315	833
2266	3201
960	1611
473	2619
1680	1952
184	2754
1861	2031
357	1915
2817	2826
377	533
2122	3101
1941	3084
124	377
541	2223
1607	2766
2647	2814
1085	2578
2529	3212
370	1698
1811	1882
175	3157
144	1116
1877	2244
919	2613
273	278
650	765
846	1602
895	2364
7	1748
605	1585
60	3006
935	1402
201	545
185	1375
151	1654
439	1352
2987	3062
405	712
302	1542
1495	3221
2182	2203
1056	2824
1604	2912
1724	2751
1461	2831
1392	1833
2265	3013
94	1698
1104	1218
1071	3242
391	572
1630	3268
264	2235
138	2550
180	305
1952	2615
1069	1920
735	1034
1645	2465
787	2889
937	2260
1630	1827
321	365
1243	2982
528	2556
593	2242
1436	1563
1214	2494
305	2395
1282	2075
597	2456
1348	2720
270	1067
1613	2721
2244	2336
479	2791
681	692
1486	2169
591	1214
1341	2516
1537	1714
1903	2792
675	1724
1489	1644
698	2797
715	2361
5	584
1081	2922
181	2365
257	2735
1017	1614
1973	2502
419	1979
491	1254
2845	3131
219	2071
137	2031
658	1368
851	2650
126	535
772	2966
2	2937
2398	3173
1759	2553
2908	3034
732	2508
157	2118
275	380
1102	2064
2252	3149
111	2900
2506	2995
193	433
1618	2852
469	548
1037	2163
408	1793
1728	2686
571	2856
498	1864
122	1964
1117	2928
320	1505
95	2500
185	472
328	2176
2587	2809
951	2536
276	1342
312	2596
542	811
2343	2765
493	676
2081	2854
122	3236
125	195
292	1506
1103	2842
635	1979
743	2316
908	2412
2882	3242
109	2780
43	225
864	2629
2288	2484
634	1194
1972	2034
548	1375
1389	1557
1361	1444
145	1477
1449	1856
757	3092
2127	2978
1603	2230
321	1805
2287	2517
1039	1397
345	1561
1087	1563
932	1337
1085	2840
2402	2895
92	3207
858	2630
3115	3251
1059	1390
816	2566
303	1110
218	1658
807	3163
1198	1778
495	1056
1478	1760
302	763
2722	2966
1144	1900
185	597
1164	2903
1934	2996
472	3230
1296	2180
2404	3186
1399	2870
109	1925
1488	3159
260	2958
1796	2457
1156	2902
141	1502
67	2449
2827	2956
679	1954
1256	1421
1549	1698
1316	3077
2036	2741
2635	3260
452	942
3066	3074
460	2162
830	2929
1274	3038
511	2297
160	2206
72	2832
1313	1406
1900	2262
1037	2061
474	2714
2357	3063
1098	3096
125	823
1053	2957
935	1727
594	2844
1255	1323
2119	2370
2016	2108
3014	3241
1369	2270
317	2674
382	526
695	1067
2090	2643
1046	1608
119	3259
845	2004
1240	2506
207	2106
865	3266
1780	3276
692	2316
1707	2238
2035	2653
2161	2407
1972	2754
545	2320
1600	2863
2222	2790
571	2442
1087	3222
115	1475
246	422
288	2979
686	2402
304	3277
2460	3174
1330	2891
1124	1376
53	2993
129	1717
588	1684
1032	1112
2197	2746
437	2427
240	2116
131	1568
421	1862
1689	2694
2244	2811
1190	1493
1237	2181
57	628
1	2378
2452	3215
425	1016
46	1335
49	1137
641	2612
1111	2244
969	1389
508	1797
1737	2266
1367	3088
2814	3151
2383	2978
2591	2756
1492	2530
1110	1937
316	1436
57	3001
826	2812
46	1702
312	1782
1436	2119
1105	2798
744	2263
884	3028
2383	2752
661	2975
819	2540
1367	2246
2937	3210
3107	3247
435	2322
1384	2008
225	1336
255	1067
585	2927
1955	2753
368	923
2275	3090
1897	1970
2121	2808
1173	2962
512	1398
1289	2990
623	1271
1936	2335
308	1603
1122	1641
1857	2554
403	1530
224	1203
2025	3156
1816	2159
841	2460
299	1725
63	3067
801	1734
2590	2800
474	804
347	1502
291	1479
1124	2401
2677	3213
2982	3150
1617	2053
307	1916
17	572
994	3071
751	1438
862	2134
3099	3114
707	2012
308	1301
115	3009
1861	2760
511	2886
1420	1933
282	2077
849	2612
843	982
129	2588
1524	2707
1355	2063
562	1182
1572	2878
70	174
2591	3260
664	968
995	1814
516	2120
1076	2507
305	1304
71	528
792	3074
146	1769
1806	2496
98	1423
540	1901
419	2609
783	2321
173	3277
1750	2221
880	1886
2542	2855
1135	2689
2802	3226
851	1506
1543	2718
120	2829
1810	2172
1165	2781
1490	2280
576	2878
1201	1265
295	1251
1028	2150
814	1605
235	1797
1037	3226
1112	3173
1267	1294
861	2678
1766	2329
2877	3234
1319	2027
1798	1996
948	1988
1021	1221
312	1972
2661	3056
1073	1404
140	2061
2195	3152
2581	3191
488	533
142	934
430	1222
812	1936
1462	2657
2359	2567
1687	2343
985	1885
509	1224
46	667
562	2150
2241	3132
1396	1576
60	2061
24	3083
207	1797
1037	1663
499	811
16	1226
866	2312
1507	1514
364	1446
171	896
1803	2976
1911	2132
1541	2927
1945	2721
46	3118
1116	2938
891	2633
533	946
900	3179
2475	3181
1657	3069
96	1376
1930	2187
929	2393
1367	2461
15	202
1273	2151
110	155
1363	2328
741	2516
1677	3003
1657	2619
70	3212
1337	2152
872	1296
1318	2639
2686	2733
817	2738
357	2110
2024	2723
1401	2845
1715	2943
60	811
114	121
162	3115
781	1210
1066	2553
622	1083
342	1700
773	3163
453	1435
553	2661
254	2585
1362	2878
447	604
45	2700
1113	2763
1683	2866
394	1412
963	2083
782	1637
2428	2443
904	2955
578	1771
1435	1862
103	2643
1319	3038
2559	3053
1241	3170
361	1330
791	2982
2182	2842
988	1273
1953	2047
850	1994
1124	2250
133	1027
1773	1827
869	2310
464	3006
2100	2335
1499	1817
858	1366
831	2577
1161	2334
39	1744
1196	2750
429	1427
1737	2643
1573	2530
2957	3189
583	1378
2294	3070
1271	3044
1490	2474
1478	2469
520	578
1279	1892
1705	2856
483	1729
35	1013
1162	2990
23	2464
274	3241
1267	2166
1467	3013
1783	2284
1548	2922
100	500
445	559
338	2336
927	1510
1358	2329
426	1030
96	1810
1628	1679
1646	2138
1806	2153
1358	1705
695	2264
1958	2148
305	585
2138	2967
2816	2841
36	719
388	3172
1309	2346
76	985
240	567
1803	3072
1087	2651
81	629
518	1657
1295	1992
2071	2958
1394	2761
680	2409
2426	3056
1739	2290
1260	2396
844	1494
900	3136
189	2534
666	824
1856	2592
847	1624
224	1850
226	883
1690	2871
967	2875
2018	2911
2287	2627
714	2541
1815	2588
767	2195
3215	3233
762	1405
1068	1316
1734	2040
631	1562
1604	2261
323	2919
1618	3125
1354	3107
562	1204
779	1267
784	935
1442	2224
254	353
92	1790
1457	2268
1638	2854
395	3133
83	2840
500	2557
864	2015
2953	3167
1068	1098
1620	2212
1929	2713
561	2515
1905	2921
102	2630
843	1065
2090	2899
1564	3062
2141	2487
1908	2470
943	3186
2388	3109
1098	2368
1970	2590
53	1293
2590	3181
1055	2090
551	2339
1968	3238
937	2267
2256	2704
49	1481
1116	1649
1301	2491
834	2421
74	1679
1347	2367
972	2673
984	2412
963	1712
1654	2908
1243	1512
2864	2886
575	2717
1699	2393
791	1180
1795	2423
1025	2029
797	2539
2870	2899
214	270
1577	2192
1714	2438
332	3012
79	1609
770	2424
